spawns:
  default:
    world: 6f9b3c5d-3ef0-4279-9892-7c1395f029e3
    world-name: spawn
    x: 49.464518531810356
    y: 7.0
    z: 22.469334951898826
    yaw: -50.291351318359375
    pitch: 86.96127319335938
